<!-- Generated by pkgdown: do not edit by hand -->
<!DOCTYPE html>
<html lang="en">
  <head>
  <meta charset="utf-8">
<meta http-equiv="X-UA-Compatible" content="IE=edge">
<meta name="viewport" content="width=device-width, initial-scale=1.0">

<title>Pairwise Distance Matrix Between Two Samples of Networks — dist_nvd • nevada</title>

<!-- favicons -->
<link rel="icon" type="image/png" sizes="16x16" href="../favicon-16x16.png">
<link rel="icon" type="image/png" sizes="32x32" href="../favicon-32x32.png">
<link rel="apple-touch-icon" type="image/png" sizes="180x180" href="../apple-touch-icon.png" />
<link rel="apple-touch-icon" type="image/png" sizes="120x120" href="../apple-touch-icon-120x120.png" />
<link rel="apple-touch-icon" type="image/png" sizes="76x76" href="../apple-touch-icon-76x76.png" />
<link rel="apple-touch-icon" type="image/png" sizes="60x60" href="../apple-touch-icon-60x60.png" />

<!-- jquery -->
<script src="https://cdnjs.cloudflare.com/ajax/libs/jquery/3.4.1/jquery.min.js" integrity="sha256-CSXorXvZcTkaix6Yvo6HppcZGetbYMGWSFlBw8HfCJo=" crossorigin="anonymous"></script>
<!-- Bootstrap -->

<link rel="stylesheet" href="https://cdnjs.cloudflare.com/ajax/libs/twitter-bootstrap/3.4.1/css/bootstrap.min.css" integrity="sha256-bZLfwXAP04zRMK2BjiO8iu9pf4FbLqX6zitd+tIvLhE=" crossorigin="anonymous" />

<script src="https://cdnjs.cloudflare.com/ajax/libs/twitter-bootstrap/3.4.1/js/bootstrap.min.js" integrity="sha256-nuL8/2cJ5NDSSwnKD8VqreErSWHtnEP9E7AySL+1ev4=" crossorigin="anonymous"></script>

<!-- bootstrap-toc -->
<link rel="stylesheet" href="../bootstrap-toc.css">
<script src="../bootstrap-toc.js"></script>

<!-- Font Awesome icons -->
<link rel="stylesheet" href="https://cdnjs.cloudflare.com/ajax/libs/font-awesome/5.12.1/css/all.min.css" integrity="sha256-mmgLkCYLUQbXn0B1SRqzHar6dCnv9oZFPEC1g1cwlkk=" crossorigin="anonymous" />
<link rel="stylesheet" href="https://cdnjs.cloudflare.com/ajax/libs/font-awesome/5.12.1/css/v4-shims.min.css" integrity="sha256-wZjR52fzng1pJHwx4aV2AO3yyTOXrcDW7jBpJtTwVxw=" crossorigin="anonymous" />

<!-- clipboard.js -->
<script src="https://cdnjs.cloudflare.com/ajax/libs/clipboard.js/2.0.6/clipboard.min.js" integrity="sha256-inc5kl9MA1hkeYUt+EC3BhlIgyp/2jDIyBLS6k3UxPI=" crossorigin="anonymous"></script>

<!-- headroom.js -->
<script src="https://cdnjs.cloudflare.com/ajax/libs/headroom/0.11.0/headroom.min.js" integrity="sha256-AsUX4SJE1+yuDu5+mAVzJbuYNPHj/WroHuZ8Ir/CkE0=" crossorigin="anonymous"></script>
<script src="https://cdnjs.cloudflare.com/ajax/libs/headroom/0.11.0/jQuery.headroom.min.js" integrity="sha256-ZX/yNShbjqsohH1k95liqY9Gd8uOiE1S4vZc+9KQ1K4=" crossorigin="anonymous"></script>

<!-- pkgdown -->
<link href="../pkgdown.css" rel="stylesheet">
<script src="../pkgdown.js"></script>




<meta property="og:title" content="Pairwise Distance Matrix Between Two Samples of Networks — dist_nvd" />
<meta property="og:description" content="This function computes the matrix of pairwise distances between all the
elements of the two samples put together. The cardinality of the fist sample
is denoted by \(n1\) and that of the second one is denoted by \(n2\)." />
<meta property="og:image" content="/logo.png" />




<!-- mathjax -->
<script src="https://cdnjs.cloudflare.com/ajax/libs/mathjax/2.7.5/MathJax.js" integrity="sha256-nvJJv9wWKEm88qvoQl9ekL2J+k/RWIsaSScxxlsrv8k=" crossorigin="anonymous"></script>
<script src="https://cdnjs.cloudflare.com/ajax/libs/mathjax/2.7.5/config/TeX-AMS-MML_HTMLorMML.js" integrity="sha256-84DKXVJXs0/F8OTMzX4UR909+jtl4G7SPypPavF+GfA=" crossorigin="anonymous"></script>

<!--[if lt IE 9]>
<script src="https://oss.maxcdn.com/html5shiv/3.7.3/html5shiv.min.js"></script>
<script src="https://oss.maxcdn.com/respond/1.4.2/respond.min.js"></script>
<![endif]-->



  </head>

  <body data-spy="scroll" data-target="#toc">
    <div class="container template-reference-topic">
      <header>
      <div class="navbar navbar-default navbar-fixed-top" role="navigation">
  <div class="container">
    <div class="navbar-header">
      <button type="button" class="navbar-toggle collapsed" data-toggle="collapse" data-target="#navbar" aria-expanded="false">
        <span class="sr-only">Toggle navigation</span>
        <span class="icon-bar"></span>
        <span class="icon-bar"></span>
        <span class="icon-bar"></span>
      </button>
      <span class="navbar-brand">
        <a class="navbar-link" href="../index.html">nevada</a>
        <span class="version label label-default" data-toggle="tooltip" data-placement="bottom" title="Released version">0.0.0.9000</span>
      </span>
    </div>

    <div id="navbar" class="navbar-collapse collapse">
      <ul class="nav navbar-nav">
        <li>
  <a href="../index.html">
    <span class="fas fa-home fa-lg"></span>
     
  </a>
</li>
<li>
  <a href="../articles/nevada.html">Get started</a>
</li>
<li>
  <a href="../reference/index.html">Reference</a>
</li>
      </ul>
      <ul class="nav navbar-nav navbar-right">
        
      </ul>
      
    </div><!--/.nav-collapse -->
  </div><!--/.container -->
</div><!--/.navbar -->

      

      </header>

<div class="row">
  <div class="col-md-9 contents">
    <div class="page-header">
    <h1>Pairwise Distance Matrix Between Two Samples of Networks</h1>
    
    <div class="hidden name"><code>dist_nvd.Rd</code></div>
    </div>

    <div class="ref-description">
    <p>This function computes the matrix of pairwise distances between all the
elements of the two samples put together. The cardinality of the fist sample
is denoted by \(n1\) and that of the second one is denoted by \(n2\).</p>
    </div>

    <pre class="usage"><span class='fu'>dist_nvd</span><span class='op'>(</span><span class='va'>x</span>, y <span class='op'>=</span> <span class='cn'>NULL</span>, representation <span class='op'>=</span> <span class='st'>"adjacency"</span>, distance <span class='op'>=</span> <span class='st'>"frobenius"</span><span class='op'>)</span></pre>

    <h2 class="hasAnchor" id="arguments"><a class="anchor" href="#arguments"></a>Arguments</h2>
    <table class="ref-arguments">
    <colgroup><col class="name" /><col class="desc" /></colgroup>
    <tr>
      <th>x</th>
      <td><p>A <code><a href='https://rdrr.io/r/base/list.html'>list</a></code> of <code><a href='https://rdrr.io/pkg/igraph/man/aaa-igraph-package.html'>igraph</a></code> objects
or matrix representations of underlying networks from a given first
population.</p></td>
    </tr>
    <tr>
      <th>y</th>
      <td><p>A <code><a href='https://rdrr.io/r/base/list.html'>list</a></code> of <code><a href='https://rdrr.io/pkg/igraph/man/aaa-igraph-package.html'>igraph</a></code> objects
or matrix representations of underlying networks from a given second
population.</p></td>
    </tr>
    <tr>
      <th>representation</th>
      <td><p>A string specifying the desired type of representation,
among: <code>"adjacency"</code>, <code>"laplacian"</code> [default],
<code>"modularity"</code> or <code>"graphon"</code>.</p></td>
    </tr>
    <tr>
      <th>distance</th>
      <td><p>A string specifying the chosen distance for calculating the
test statistic, among: <code>"hamming"</code>, <code>"frobenius"</code> [default],
<code>"spectral"</code> and <code>"root-euclidean"</code>.</p></td>
    </tr>
    </table>

    <h2 class="hasAnchor" id="value"><a class="anchor" href="#value"></a>Value</h2>

    <p>A matrix of dimension \((n1+n2) \times (n1+n2)\) containing the
  distances between all the elements of the two samples put together.</p>

    <h2 class="hasAnchor" id="examples"><a class="anchor" href="#examples"></a>Examples</h2>
    <pre class="examples"><div class='input'><span class='va'>x</span> <span class='op'>&lt;-</span> <span class='fu'><a href='nvd.html'>nvd</a></span><span class='op'>(</span><span class='st'>"smallworld"</span>, <span class='fl'>10</span><span class='op'>)</span>
<span class='va'>y</span> <span class='op'>&lt;-</span> <span class='fu'><a href='nvd.html'>nvd</a></span><span class='op'>(</span><span class='st'>"pa"</span>, <span class='fl'>10</span><span class='op'>)</span>
<span class='fu'>dist_nvd</span><span class='op'>(</span><span class='va'>x</span>, <span class='va'>y</span>, <span class='st'>"adjacency"</span>, <span class='st'>"spectral"</span><span class='op'>)</span>
</div><div class='output co'>#&gt;            [,1]      [,2]      [,3]      [,4]      [,5]     [,6]      [,7]
#&gt;  [1,] 0.0000000 1.0007768 1.2547340 1.1169646 1.0582401 1.292574 0.8522725
#&gt;  [2,] 1.0007768 0.0000000 1.5466917 0.9945358 0.9119501 1.574723 0.8152810
#&gt;  [3,] 1.2547340 1.5466917 0.0000000 1.4009844 1.1583463 1.062752 1.4329624
#&gt;  [4,] 1.1169646 0.9945358 1.4009844 0.0000000 1.0206689 1.689640 0.9015339
#&gt;  [5,] 1.0582401 0.9119501 1.1583463 1.0206689 0.0000000 1.406184 1.0508128
#&gt;  [6,] 1.2925743 1.5747227 1.0627523 1.6896397 1.4061843 0.000000 1.4070863
#&gt;  [7,] 0.8522725 0.8152810 1.4329624 0.9015339 1.0508128 1.407086 0.0000000
#&gt;  [8,] 1.0972702 1.2641164 1.0145594 1.3118260 1.0794563 1.099860 1.1492968
#&gt;  [9,] 0.9154579 1.0332619 1.0348070 0.9621600 0.9226440 1.044677 0.9111684
#&gt; [10,] 1.2916594 1.3218818 0.8787413 1.2046472 1.1687503 1.114592 1.2823113
#&gt; [11,] 3.6523175 3.3542895 3.8331883 3.4831538 3.4236746 4.005981 3.4321786
#&gt; [12,] 3.3714076 3.2108553 3.6021123 3.3344429 3.3061208 3.846391 3.2175668
#&gt; [13,] 3.1050038 2.9921942 3.2736148 3.0262021 2.9202576 3.552961 2.9923266
#&gt; [14,] 3.1218742 2.7995780 3.2667746 2.9442897 2.8911313 3.475831 2.8660398
#&gt; [15,] 2.9482339 2.7287075 3.1867729 2.8356126 2.8386638 3.380885 2.7159246
#&gt; [16,] 3.1880146 3.0040759 3.3331349 3.0828212 3.0458908 3.561788 3.0459748
#&gt; [17,] 3.6825038 3.5274752 3.7419617 3.6684135 3.5222828 3.945357 3.5721592
#&gt; [18,] 3.6181664 3.5100010 3.8105941 3.5539275 3.5007036 4.051236 3.4821672
#&gt; [19,] 2.7952487 2.5021716 3.0959980 2.7275347 2.6273020 3.277981 2.6891832
#&gt; [20,] 3.3520366 3.1648039 3.5922332 3.3581166 3.2305809 3.703534 3.2015625
#&gt;            [,8]      [,9]     [,10]     [,11]     [,12]     [,13]     [,14]
#&gt;  [1,] 1.0972702 0.9154579 1.2916594 3.6523175 3.3714076 3.1050038 3.1218742
#&gt;  [2,] 1.2641164 1.0332619 1.3218818 3.3542895 3.2108553 2.9921942 2.7995780
#&gt;  [3,] 1.0145594 1.0348070 0.8787413 3.8331883 3.6021123 3.2736148 3.2667746
#&gt;  [4,] 1.3118260 0.9621600 1.2046472 3.4831538 3.3344429 3.0262021 2.9442897
#&gt;  [5,] 1.0794563 0.9226440 1.1687503 3.4236746 3.3061208 2.9202576 2.8911313
#&gt;  [6,] 1.0998601 1.0446769 1.1145917 4.0059810 3.8463913 3.5529607 3.4758313
#&gt;  [7,] 1.1492968 0.9111684 1.2823113 3.4321786 3.2175668 2.9923266 2.8660398
#&gt;  [8,] 0.0000000 0.8224552 0.8304619 3.8554517 3.7129192 3.3979595 3.3678246
#&gt;  [9,] 0.8224552 0.0000000 0.8303592 3.8417040 3.6346627 3.3872015 3.2510326
#&gt; [10,] 0.8304619 0.8303592 0.0000000 4.0044336 3.8339888 3.5169194 3.4565086
#&gt; [11,] 3.8554517 3.8417040 4.0044336 0.0000000 1.1323717 1.0685720 1.0766940
#&gt; [12,] 3.7129192 3.6346627 3.8339888 1.1323717 0.0000000 1.0566684 1.0345037
#&gt; [13,] 3.3979595 3.3872015 3.5169194 1.0685720 1.0566684 0.0000000 1.2064370
#&gt; [14,] 3.3678246 3.2510326 3.4565086 1.0766940 1.0345037 1.2064370 0.0000000
#&gt; [15,] 3.1971033 3.1646878 3.3048455 1.2330693 0.9555771 1.0810493 1.0951012
#&gt; [16,] 3.4382879 3.3859602 3.5187702 1.1763674 1.0618766 0.9889068 0.9933931
#&gt; [17,] 3.8566874 3.9151933 4.0083176 1.0406491 1.2422766 1.1056048 1.4185265
#&gt; [18,] 3.8886366 3.9017288 4.0800380 1.0798317 1.3499407 0.9874588 1.5540719
#&gt; [19,] 3.1221091 3.0142184 3.1907978 1.3474596 1.2003604 1.2201466 1.0278564
#&gt; [20,] 3.6082035 3.6284070 3.7872077 0.7804937 1.0489378 0.9591493 1.1400543
#&gt;           [,15]     [,16]     [,17]     [,18]     [,19]     [,20]
#&gt;  [1,] 2.9482339 3.1880146 3.6825038 3.6181664 2.7952487 3.3520366
#&gt;  [2,] 2.7287075 3.0040759 3.5274752 3.5100010 2.5021716 3.1648039
#&gt;  [3,] 3.1867729 3.3331349 3.7419617 3.8105941 3.0959980 3.5922332
#&gt;  [4,] 2.8356126 3.0828212 3.6684135 3.5539275 2.7275347 3.3581166
#&gt;  [5,] 2.8386638 3.0458908 3.5222828 3.5007036 2.6273020 3.2305809
#&gt;  [6,] 3.3808853 3.5617881 3.9453571 4.0512362 3.2779815 3.7035344
#&gt;  [7,] 2.7159246 3.0459748 3.5721592 3.4821672 2.6891832 3.2015625
#&gt;  [8,] 3.1971033 3.4382879 3.8566874 3.8886366 3.1221091 3.6082035
#&gt;  [9,] 3.1646878 3.3859602 3.9151933 3.9017288 3.0142184 3.6284070
#&gt; [10,] 3.3048455 3.5187702 4.0083176 4.0800380 3.1907978 3.7872077
#&gt; [11,] 1.2330693 1.1763674 1.0406491 1.0798317 1.3474596 0.7804937
#&gt; [12,] 0.9555771 1.0618766 1.2422766 1.3499407 1.2003604 1.0489378
#&gt; [13,] 1.0810493 0.9889068 1.1056048 0.9874588 1.2201466 0.9591493
#&gt; [14,] 1.0951012 0.9933931 1.4185265 1.5540719 1.0278564 1.1400543
#&gt; [15,] 0.0000000 1.0185227 1.3543988 1.5259018 0.9590243 1.1397908
#&gt; [16,] 1.0185227 0.0000000 1.0698290 1.4985811 1.0567554 1.1429681
#&gt; [17,] 1.3543988 1.0698290 0.0000000 1.1488816 1.5113757 0.9274965
#&gt; [18,] 1.5259018 1.4985811 1.1488816 0.0000000 1.6927370 1.0456956
#&gt; [19,] 0.9590243 1.0567554 1.5113757 1.6927370 0.0000000 1.2300453
#&gt; [20,] 1.1397908 1.1429681 0.9274965 1.0456956 1.2300453 0.0000000</div></pre>
  </div>
  <div class="col-md-3 hidden-xs hidden-sm" id="pkgdown-sidebar">
    <nav id="toc" data-toggle="toc" class="sticky-top">
      <h2 data-toc-skip>Contents</h2>
    </nav>
  </div>
</div>


      <footer>
      <div class="copyright">
  <p>Developed by Ilenia Lovato.</p>
</div>

<div class="pkgdown">
  <p>Site built with <a href="https://pkgdown.r-lib.org/">pkgdown</a> 1.6.1.</p>
</div>

      </footer>
   </div>

  


  </body>
</html>


